Random Numbers:
2, 18, 3, 19, 15, 20, 12, 1, 20, 9

THIS IS A TEST-CASE SCENARIO.
* = A swapped has occurred in this iteration.
Bubble Sort Chosen.
Sorting in Ascending Order:

Iteration 1.1: 2, 18, 3, 19, 15, 20, 12, 1, 20, 9
* Iteration 1.2: 2, 3, 18, 19, 15, 20, 12, 1, 20, 9
Iteration 1.3: 2, 3, 18, 19, 15, 20, 12, 1, 20, 9
* Iteration 1.4: 2, 3, 18, 15, 19, 20, 12, 1, 20, 9
Iteration 1.5: 2, 3, 18, 15, 19, 20, 12, 1, 20, 9
* Iteration 1.6: 2, 3, 18, 15, 19, 12, 20, 1, 20, 9
* Iteration 1.7: 2, 3, 18, 15, 19, 12, 1, 20, 20, 9
Iteration 1.8: 2, 3, 18, 15, 19, 12, 1, 20, 20, 9
* Iteration 1.9: 2, 3, 18, 15, 19, 12, 1, 20, 9, 20
Iteration 2.1: 2, 3, 18, 15, 19, 12, 1, 20, 9, 20
Iteration 2.2: 2, 3, 18, 15, 19, 12, 1, 20, 9, 20
* Iteration 2.3: 2, 3, 15, 18, 19, 12, 1, 20, 9, 20
Iteration 2.4: 2, 3, 15, 18, 19, 12, 1, 20, 9, 20
* Iteration 2.5: 2, 3, 15, 18, 12, 19, 1, 20, 9, 20
* Iteration 2.6: 2, 3, 15, 18, 12, 1, 19, 20, 9, 20
Iteration 2.7: 2, 3, 15, 18, 12, 1, 19, 20, 9, 20
* Iteration 2.8: 2, 3, 15, 18, 12, 1, 19, 9, 20, 20
Iteration 3.1: 2, 3, 15, 18, 12, 1, 19, 9, 20, 20
Iteration 3.2: 2, 3, 15, 18, 12, 1, 19, 9, 20, 20
Iteration 3.3: 2, 3, 15, 18, 12, 1, 19, 9, 20, 20
* Iteration 3.4: 2, 3, 15, 12, 18, 1, 19, 9, 20, 20
* Iteration 3.5: 2, 3, 15, 12, 1, 18, 19, 9, 20, 20
Iteration 3.6: 2, 3, 15, 12, 1, 18, 19, 9, 20, 20
* Iteration 3.7: 2, 3, 15, 12, 1, 18, 9, 19, 20, 20
Iteration 4.1: 2, 3, 15, 12, 1, 18, 9, 19, 20, 20
Iteration 4.2: 2, 3, 15, 12, 1, 18, 9, 19, 20, 20
* Iteration 4.3: 2, 3, 12, 15, 1, 18, 9, 19, 20, 20
* Iteration 4.4: 2, 3, 12, 1, 15, 18, 9, 19, 20, 20
Iteration 4.5: 2, 3, 12, 1, 15, 18, 9, 19, 20, 20
* Iteration 4.6: 2, 3, 12, 1, 15, 9, 18, 19, 20, 20
Iteration 5.1: 2, 3, 12, 1, 15, 9, 18, 19, 20, 20
Iteration 5.2: 2, 3, 12, 1, 15, 9, 18, 19, 20, 20
* Iteration 5.3: 2, 3, 1, 12, 15, 9, 18, 19, 20, 20
Iteration 5.4: 2, 3, 1, 12, 15, 9, 18, 19, 20, 20
* Iteration 5.5: 2, 3, 1, 12, 9, 15, 18, 19, 20, 20
Iteration 6.1: 2, 3, 1, 12, 9, 15, 18, 19, 20, 20
* Iteration 6.2: 2, 1, 3, 12, 9, 15, 18, 19, 20, 20
Iteration 6.3: 2, 1, 3, 12, 9, 15, 18, 19, 20, 20
* Iteration 6.4: 2, 1, 3, 9, 12, 15, 18, 19, 20, 20
* Iteration 7.1: 1, 2, 3, 9, 12, 15, 18, 19, 20, 20
Iteration 7.2: 1, 2, 3, 9, 12, 15, 18, 19, 20, 20
Iteration 7.3: 1, 2, 3, 9, 12, 15, 18, 19, 20, 20
Iteration 8.1: 1, 2, 3, 9, 12, 15, 18, 19, 20, 20
Iteration 8.2: 1, 2, 3, 9, 12, 15, 18, 19, 20, 20
Iteration 9.1: 1, 2, 3, 9, 12, 15, 18, 19, 20, 20

==================================================
Bubble Sort Chosen.
Sorting in Descending Order:

* Iteration 1.1: 18, 2, 3, 19, 15, 20, 12, 1, 20, 9
* Iteration 1.2: 18, 3, 2, 19, 15, 20, 12, 1, 20, 9
* Iteration 1.3: 18, 3, 19, 2, 15, 20, 12, 1, 20, 9
* Iteration 1.4: 18, 3, 19, 15, 2, 20, 12, 1, 20, 9
* Iteration 1.5: 18, 3, 19, 15, 20, 2, 12, 1, 20, 9
* Iteration 1.6: 18, 3, 19, 15, 20, 12, 2, 1, 20, 9
Iteration 1.7: 18, 3, 19, 15, 20, 12, 2, 1, 20, 9
* Iteration 1.8: 18, 3, 19, 15, 20, 12, 2, 20, 1, 9
* Iteration 1.9: 18, 3, 19, 15, 20, 12, 2, 20, 9, 1
Iteration 2.1: 18, 3, 19, 15, 20, 12, 2, 20, 9, 1
* Iteration 2.2: 18, 19, 3, 15, 20, 12, 2, 20, 9, 1
* Iteration 2.3: 18, 19, 15, 3, 20, 12, 2, 20, 9, 1
* Iteration 2.4: 18, 19, 15, 20, 3, 12, 2, 20, 9, 1
* Iteration 2.5: 18, 19, 15, 20, 12, 3, 2, 20, 9, 1
Iteration 2.6: 18, 19, 15, 20, 12, 3, 2, 20, 9, 1
* Iteration 2.7: 18, 19, 15, 20, 12, 3, 20, 2, 9, 1
* Iteration 2.8: 18, 19, 15, 20, 12, 3, 20, 9, 2, 1
* Iteration 3.1: 19, 18, 15, 20, 12, 3, 20, 9, 2, 1
Iteration 3.2: 19, 18, 15, 20, 12, 3, 20, 9, 2, 1
* Iteration 3.3: 19, 18, 20, 15, 12, 3, 20, 9, 2, 1
Iteration 3.4: 19, 18, 20, 15, 12, 3, 20, 9, 2, 1
Iteration 3.5: 19, 18, 20, 15, 12, 3, 20, 9, 2, 1
* Iteration 3.6: 19, 18, 20, 15, 12, 20, 3, 9, 2, 1
* Iteration 3.7: 19, 18, 20, 15, 12, 20, 9, 3, 2, 1
Iteration 4.1: 19, 18, 20, 15, 12, 20, 9, 3, 2, 1
* Iteration 4.2: 19, 20, 18, 15, 12, 20, 9, 3, 2, 1
Iteration 4.3: 19, 20, 18, 15, 12, 20, 9, 3, 2, 1
Iteration 4.4: 19, 20, 18, 15, 12, 20, 9, 3, 2, 1
* Iteration 4.5: 19, 20, 18, 15, 20, 12, 9, 3, 2, 1
Iteration 4.6: 19, 20, 18, 15, 20, 12, 9, 3, 2, 1
* Iteration 5.1: 20, 19, 18, 15, 20, 12, 9, 3, 2, 1
Iteration 5.2: 20, 19, 18, 15, 20, 12, 9, 3, 2, 1
Iteration 5.3: 20, 19, 18, 15, 20, 12, 9, 3, 2, 1
* Iteration 5.4: 20, 19, 18, 20, 15, 12, 9, 3, 2, 1
Iteration 5.5: 20, 19, 18, 20, 15, 12, 9, 3, 2, 1
Iteration 6.1: 20, 19, 18, 20, 15, 12, 9, 3, 2, 1
Iteration 6.2: 20, 19, 18, 20, 15, 12, 9, 3, 2, 1
* Iteration 6.3: 20, 19, 20, 18, 15, 12, 9, 3, 2, 1
Iteration 6.4: 20, 19, 20, 18, 15, 12, 9, 3, 2, 1
Iteration 7.1: 20, 19, 20, 18, 15, 12, 9, 3, 2, 1
* Iteration 7.2: 20, 20, 19, 18, 15, 12, 9, 3, 2, 1
Iteration 7.3: 20, 20, 19, 18, 15, 12, 9, 3, 2, 1
Iteration 8.1: 20, 20, 19, 18, 15, 12, 9, 3, 2, 1
Iteration 8.2: 20, 20, 19, 18, 15, 12, 9, 3, 2, 1
Iteration 9.1: 20, 20, 19, 18, 15, 12, 9, 3, 2, 1

==================================================
Selection Sort Chosen.
Sorting in Ascending Order:

Iteration 1: 1, 18, 3, 19, 15, 20, 12, 2, 20, 9
Iteration 2: 1, 2, 3, 19, 15, 20, 12, 18, 20, 9
Iteration 3: 1, 2, 3, 19, 15, 20, 12, 18, 20, 9
Iteration 4: 1, 2, 3, 9, 15, 20, 12, 18, 20, 19
Iteration 5: 1, 2, 3, 9, 12, 20, 15, 18, 20, 19
Iteration 6: 1, 2, 3, 9, 12, 15, 20, 18, 20, 19
Iteration 7: 1, 2, 3, 9, 12, 15, 18, 20, 20, 19
Iteration 8: 1, 2, 3, 9, 12, 15, 18, 19, 20, 20
Iteration 9: 1, 2, 3, 9, 12, 15, 18, 19, 20, 20
Iteration 10: 1, 2, 3, 9, 12, 15, 18, 19, 20, 20

==================================================
Selection Sort Chosen.
Sorting in Descending Order:

Iteration 1: 20, 18, 3, 19, 15, 2, 12, 1, 20, 9
Iteration 2: 20, 20, 3, 19, 15, 2, 12, 1, 18, 9
Iteration 3: 20, 20, 19, 3, 15, 2, 12, 1, 18, 9
Iteration 4: 20, 20, 19, 18, 15, 2, 12, 1, 3, 9
Iteration 5: 20, 20, 19, 18, 15, 2, 12, 1, 3, 9
Iteration 6: 20, 20, 19, 18, 15, 12, 2, 1, 3, 9
Iteration 7: 20, 20, 19, 18, 15, 12, 9, 1, 3, 2
Iteration 8: 20, 20, 19, 18, 15, 12, 9, 3, 1, 2
Iteration 9: 20, 20, 19, 18, 15, 12, 9, 3, 2, 1
Iteration 10: 20, 20, 19, 18, 15, 12, 9, 3, 2, 1

==================================================
